kNN created with dimension = 3 and number of params = 137
4.77316e+06
3.10995e+06
7.31224e+06
3.03393e+06
4.07099e+06
4.9934e+06
3.46512e+06
3.5925e+06
3.30068e+06
3.10836e+06
5.01107e+06
2.8792e+06
5.5385e+06
4.95249e+06
5.33245e+06
3.09627e+06
7.19475e+06
5.18418e+06
4.97179e+06
4.68027e+06
5.36354e+06
4.78499e+06
4.51444e+06
4.00332e+06
4.6759e+06
3.28705e+06
5.0264e+06
5.75651e+06
4.95799e+06
4.70036e+06
5.97295e+06
4.25431e+06
3.86102e+06
3.52002e+06
5.13303e+06
5.13751e+06
3.32999e+06
3.85325e+06
4.7965e+06
5.05373e+06
3.30068e+06
3.73954e+06
2.99962e+06
3.64977e+06
4.85562e+06
4.7965e+06
4.11528e+06
4.9934e+06
3.35923e+06
3.49454e+06
3.56167e+06
7.21357e+06
4.84826e+06
4.7965e+06
4.62738e+06
3.58852e+06
4.9934e+06
5.13751e+06
5.8947e+06
3.64977e+06
3.21377e+06
4.35054e+06
4.87178e+06
4.79983e+06
3.39697e+06
4.25079e+06
3.4156e+06
3.09627e+06
4.87178e+06
3.53275e+06
3.32109e+06
5.33245e+06
5.5385e+06
3.50701e+06
3.09627e+06
4.64361e+06
4.30233e+06
3.74178e+06
3.78619e+06
5.25385e+06
5.01107e+06
3.5706e+06
6.53269e+06
3.39697e+06
3.61767e+06
2.19858e+06
3.82597e+06
2.87379e+06
4.61295e+06
4.32454e+06
5.79663e+06
3.70411e+06
4.07224e+06
5.73965e+06
4.7014e+06
4.92677e+06
5.03931e+06
2.82348e+06
3.4216e+06
4.61757e+06
3.19522e+06
4.95643e+06
5.11869e+06
3.30068e+06
4.88938e+06
3.74178e+06
4.40436e+06
5.28286e+06
4.62738e+06
4.79983e+06
4.87178e+06
4.87178e+06
4.82234e+06
3.79275e+06
3.7184e+06
3.35923e+06
4.0859e+06
3.09627e+06
2.44904e+06
6.62444e+06
3.93893e+06
6.01265e+06
4.08309e+06
5.71093e+06
4.09332e+06
4.9208e+06
3.36754e+06
3.40165e+06
6.33246e+06
4.04665e+06
5.02793e+06
4.0115e+06
4.75831e+06
6.85976e+06
2.99962e+06
3.85768e+06
4.2732e+06
